 0.9130 0.9194 0.9162
 0.8884 0.8923 0.8903 
 0.9095 0.9137 0.9116 
 0.8995 0.9102 0.9048 
 0.8887 0.8946 0.8917 
 0.9124 0.9175 0.9149 
 0.8664 0.8668 0.8666 
 0.8793 0.8845 0.8819 
 0.9034 0.9043 0.9039 
 0.8651 0.8652 0.8651 
 0.9130 0.9194 0.9162 
 0.8884 0.8923 0.8903 
 0.9095 0.9137 0.9116 
 0.8995 0.9102 0.9048 
 0.8887 0.8946 0.8917 
 0.9124 0.9175 0.9149 
 0.8664 0.8668 0.8666 
 0.8793 0.8845 0.8819 
 0.9034 0.9043 0.9039 
 0.8651 0.8652 0.8651 
 0.9130 0.9194 0.9162 
 0.8884 0.8923 0.8903 
 0.9095 0.9137 0.9116 
 0.8995 0.9102 0.9048 
 0.8887 0.8946 0.8917 
 0.9124 0.9175 0.9149 
 0.8664 0.8668 0.8666 
 0.8793 0.8845 0.8819 
 0.9034 0.9043 0.9039 
 0.8651 0.8652 0.8651 
 